{
 "cells": [
  {
   "cell_type": "code",
   "execution_count": 1,
   "metadata": {
    "collapsed": false
   },
   "outputs": [
    {
     "name": "stdout",
     "output_type": "stream",
     "text": [
      "\u001b[?1034h--- Factory                  : You are running ROOT Version: 6.07/07, Apr 1, 2016\n",
      "--- Factory                  : \n",
      "--- Factory                  : _/_/_/_/_/ _|      _|  _|      _|    _|_|   \n",
      "--- Factory                  :    _/      _|_|  _|_|  _|      _|  _|    _| \n",
      "--- Factory                  :   _/       _|  _|  _|  _|      _|  _|_|_|_| \n",
      "--- Factory                  :  _/        _|      _|    _|  _|    _|    _| \n",
      "--- Factory                  : _/         _|      _|      _|      _|    _| \n",
      "--- Factory                  : \n",
      "--- Factory                  : ___________TMVA Version 4.2.1, Feb 5, 2015\n",
      "--- Factory                  : \n"
     ]
    }
   ],
   "source": [
    "TMVA::Tools::Instance();\n",
    "\n",
    "TFile *input             = TFile::Open(\"higgs.root\");\n",
    "TMVA::DataLoader *loader = new TMVA::DataLoader(\"higgs\");\n",
    "\n",
    "TString outfilename = \"TMVA_BDT_DNN.root\";\n",
    "TFile *output       = TFile::Open(outfilename, \"RECREATE\");\n",
    "TMVA::Factory *factory   = new TMVA::Factory(\"TMVAClassification\", output, \"AnalysisType=Classification\");"
   ]
  },
  {
   "cell_type": "code",
   "execution_count": 2,
   "metadata": {
    "collapsed": false
   },
   "outputs": [
    {
     "name": "stdout",
     "output_type": "stream",
     "text": [
      "--- DataSetInfo              : Dataset[higgs] : Added class \"Signal\"\t with internal class number 0\n",
      "--- higgs                    : Add Tree TreeS of type Signal with 5829123 events\n",
      "--- DataSetInfo              : Dataset[higgs] : Added class \"Background\"\t with internal class number 1\n",
      "--- higgs                    : Add Tree TreeB of type Background with 5170877 events\n"
     ]
    }
   ],
   "source": [
    "TTree *tsignal     = (TTree *) input->Get(\"TreeS\");\n",
    "TTree *tbackground = (TTree *) input->Get(\"TreeB\");\n",
    "Double_t signalWeight     = 1.0;\n",
    "Double_t backgroundWeight = 1.0;\n",
    "loader->AddSignalTree    (tsignal,     signalWeight);\n",
    "loader->AddBackgroundTree(tbackground, backgroundWeight);\n",
    "loader->AddVariable(\"lepton_pT\",'F');\n",
    "loader->AddVariable(\"lepton_eta\",'F');\n",
    "loader->AddVariable(\"lepton_phi\",'F');\n",
    "loader->AddVariable(\"missing_energy_magnitude\",'F');\n",
    "loader->AddVariable(\"missing_energy_phi\",'F');\n",
    "loader->AddVariable(\"jet_1_pt\",'F');\n",
    "loader->AddVariable(\"jet_1_eta\",'F');\n",
    "loader->AddVariable(\"jet_1_phi\",'F');\n",
    "loader->AddVariable(\"jet_1_b_tag\",'F');\n",
    "loader->AddVariable(\"jet_2_pt\",'F');\n",
    "loader->AddVariable(\"jet_2_eta\",'F');\n",
    "loader->AddVariable(\"jet_2_phi\",'F');\n",
    "loader->AddVariable(\"jet_2_b_tag\",'F');\n",
    "loader->AddVariable(\"jet_3_pt\",'F');\n",
    "loader->AddVariable(\"jet_3_eta\",'F');\n",
    "loader->AddVariable(\"jet_3_phi\",'F');\n",
    "loader->AddVariable(\"jet_3_b_tag\",'F');\n",
    "loader->AddVariable(\"jet_4_pt\",'F');\n",
    "loader->AddVariable(\"jet_4_eta\",'F');\n",
    "loader->AddVariable(\"jet_4_phi\",'F');\n",
    "loader->AddVariable(\"jet_4_b_tag\",'F');\n",
    "loader->AddVariable(\"m_jj\",'F');\n",
    "loader->AddVariable(\"m_jjj\",'F');\n",
    "loader->AddVariable(\"m_lv\",'F');\n",
    "loader->AddVariable(\"m_jlv\",'F');\n",
    "loader->AddVariable(\"m_bb\",'F');\n",
    "loader->AddVariable(\"m_wbb\",'F');\n",
    "loader->AddVariable(\"m_wwbb\",'F');"
   ]
  },
  {
   "cell_type": "code",
   "execution_count": 3,
   "metadata": {
    "collapsed": false
   },
   "outputs": [
    {
     "name": "stdout",
     "output_type": "stream",
     "text": [
      "--- higgs                    : Preparing trees for training and testing...\n"
     ]
    }
   ],
   "source": [
    "TString dataString = \"nTrain_Signal=5000000:\"\n",
    "                     \"nTrain_Background=5000000:\"\n",
    "                     \"nTest_Signal=100000:\"\n",
    "                     \"nTest_Background=100000:\"\n",
    "                     \"SplitMode=Random:\"\n",
    "                     \"NormMode=NumEvents:\"\n",
    "                     \"!V\";\n",
    "loader->PrepareTrainingAndTestTree(\"\", \"\", dataString);"
   ]
  },
  {
   "cell_type": "code",
   "execution_count": 4,
   "metadata": {
    "collapsed": false,
    "scrolled": true
   },
   "outputs": [
    {
     "name": "stdout",
     "output_type": "stream",
     "text": [
      "--- Factory                  : Booking method: BDT DataSet Name: higgs\n",
      "--- DataSetFactory           : Dataset[higgs] : Splitmode is: \"RANDOM\" the mixmode is: \"SAMEASSPLITMODE\"\n",
      "--- DataSetFactory           : Dataset[higgs] : Create training and testing trees -- looping over class \"Signal\" ...\n",
      "--- DataSetFactory           : Dataset[higgs] : Weight expression for class 'Signal': \"\"\n",
      "--- DataSetFactory           : Dataset[higgs] : Create training and testing trees -- looping over class \"Background\" ...\n",
      "--- DataSetFactory           : Dataset[higgs] : Weight expression for class 'Background': \"\"\n",
      "--- DataSetFactory           : Dataset[higgs] : Number of events in input trees (after possible flattening of arrays):\n",
      "--- DataSetFactory           : Dataset[higgs] :     Signal          -- number of events       : 5829123  / sum of weights: 5.82912e+06\n",
      "--- DataSetFactory           : Dataset[higgs] :     Background      -- number of events       : 5170877  / sum of weights: 5.17088e+06\n",
      "--- DataSetFactory           : Dataset[higgs] :     Signal     tree -- total number of entries: 5829123\n",
      "--- DataSetFactory           : Dataset[higgs] :     Background tree -- total number of entries: 5170877\n",
      "--- DataSetFactory           : Dataset[higgs] : Preselection: (will NOT affect number of requested training and testing events)\n",
      "--- DataSetFactory           : Dataset[higgs] :     No preselection cuts applied on event classes\n",
      "--- DataSetFactory           : Dataset[higgs] : Weight renormalisation mode: \"NumEvents\": renormalises all event classes \n",
      "--- DataSetFactory           : Dataset[higgs] :  such that the effective (weighted) number of events in each class equals the respective \n",
      "--- DataSetFactory           : Dataset[higgs] :  number of events (entries) that you demanded in PrepareTrainingAndTestTree(\"\",\"nTrain_Signal=.. )\n",
      "--- DataSetFactory           : Dataset[higgs] :  ... i.e. such that Sum[i=1..N_j]{w_i} = N_j, j=0,1,2...\n",
      "--- DataSetFactory           : Dataset[higgs] :  ... (note that N_j is the sum of TRAINING events (nTrain_j...with j=Signal,Background..\n",
      "--- DataSetFactory           : Dataset[higgs] :  ..... Testing events are not renormalised nor included in the renormalisation factor! )\n",
      "--- DataSetFactory           : Dataset[higgs] : --> Rescale Signal     event weights by factor: 1\n",
      "--- DataSetFactory           : Dataset[higgs] : --> Rescale Background event weights by factor: 1\n",
      "--- DataSetFactory           : Dataset[higgs] : Number of training and testing events after rescaling:\n",
      "--- DataSetFactory           : Dataset[higgs] : ---------------------------------------------------------------------------\n",
      "--- DataSetFactory           : Dataset[higgs] : Signal     -- training events            : 5000000 (sum of weights: 5e+06) - requested were 5000000 events\n",
      "--- DataSetFactory           : Dataset[higgs] : Signal     -- testing events             : 100000 (sum of weights: 100000) - requested were 100000 events\n",
      "--- DataSetFactory           : Dataset[higgs] : Signal     -- training and testing events: 5100000 (sum of weights: 5.1e+06)\n",
      "--- DataSetFactory           : Dataset[higgs] : Background -- training events            : 5000000 (sum of weights: 5e+06) - requested were 5000000 events\n",
      "--- DataSetFactory           : Dataset[higgs] : Background -- testing events             : 100000 (sum of weights: 100000) - requested were 100000 events\n",
      "--- DataSetFactory           : Dataset[higgs] : Background -- training and testing events: 5100000 (sum of weights: 5.1e+06)\n",
      "--- DataSetFactory           : Dataset[higgs] : Create internal training tree\n",
      "--- DataSetFactory           : Dataset[higgs] : Create internal testing tree\n",
      "--- DataSetInfo              : Dataset[higgs] : Correlation matrix (Signal):\n",
      "--- DataSetInfo              : ---------------------------------------------------------------------------------------------------------------------------------------------------------------------------------------------------------------------------------------------------------------------------------------------------------------------------------\n",
      "--- DataSetInfo              :                           lepton_pT lepton_eta lepton_phi missing_energy_magnitude missing_energy_phi jet_1_pt jet_1_eta jet_1_phi jet_1_b_tag jet_2_pt jet_2_eta jet_2_phi jet_2_b_tag jet_3_pt jet_3_eta jet_3_phi jet_3_b_tag jet_4_pt jet_4_eta jet_4_phi jet_4_b_tag    m_jj   m_jjj    m_lv   m_jlv    m_bb   m_wbb  m_wwbb\n",
      "--- DataSetInfo              :                lepton_pT:    +1.000     +0.000     +0.001                   -0.157             -0.000   +0.078    +0.000    -0.001      +0.038   -0.064    +0.000    +0.000      +0.008   -0.072    +0.000    -0.000      -0.008   -0.070    +0.000    -0.000      -0.028  +0.012  -0.006  +0.272  +0.081  -0.040  +0.023  +0.046\n",
      "--- DataSetInfo              :               lepton_eta:    +0.000     +1.000     +0.001                   -0.000             +0.000   -0.000    +0.298    -0.000      +0.000   -0.000    +0.307    -0.000      -0.001   +0.000    +0.277    +0.000      +0.001   +0.000    +0.229    +0.000      +0.000  -0.000  -0.000  +0.000  +0.000  -0.000  -0.000  -0.000\n",
      "--- DataSetInfo              :               lepton_phi:    +0.001     +0.001     +1.000                   +0.000             -0.063   +0.000    +0.001    -0.169      -0.000   -0.001    +0.001    -0.080      +0.000   -0.000    +0.000    -0.066      -0.000   -0.000    +0.001    -0.052      -0.000  +0.001  +0.000  -0.000  +0.001  -0.000  +0.001  +0.001\n",
      "--- DataSetInfo              : missing_energy_magnitude:    -0.157     -0.000     +0.000                   +1.000             +0.000   +0.138    -0.000    -0.000      -0.005   +0.006    +0.000    +0.001      +0.006   -0.005    -0.001    +0.001      -0.002   -0.014    +0.000    -0.000      -0.011  +0.024  +0.019  +0.244  +0.250  -0.010  +0.161  +0.224\n",
      "--- DataSetInfo              :       missing_energy_phi:    -0.000     +0.000     -0.063                   +0.000             +1.000   +0.000    -0.001    -0.146      +0.000   +0.000    +0.000    -0.043      -0.000   +0.000    -0.000    -0.033      +0.001   +0.000    -0.000    -0.023      +0.000  -0.000  +0.001  +0.000  -0.001  +0.000  +0.000  +0.000\n",
      "--- DataSetInfo              :                 jet_1_pt:    +0.078     -0.000     +0.000                   +0.138             +0.000   +1.000    +0.000    -0.000      -0.090   +0.485    -0.000    +0.000      -0.042   +0.279    -0.000    -0.000      +0.001   +0.184    +0.000    +0.000      +0.022  +0.200  +0.269  +0.004  +0.205  +0.229  +0.396  +0.381\n",
      "--- DataSetInfo              :                jet_1_eta:    +0.000     +0.298     +0.001                   -0.000             -0.001   +0.000    +1.000    +0.000      -0.000   -0.000    +0.235    +0.000      -0.000   +0.001    +0.219    +0.001      +0.001   +0.000    +0.180    -0.000      -0.000  +0.001  +0.001  +0.001  +0.000  +0.000  +0.001  +0.001\n",
      "--- DataSetInfo              :                jet_1_phi:    -0.001     -0.000     -0.169                   -0.000             -0.146   -0.000    +0.000    +1.000      +0.000   -0.001    -0.000    -0.218      +0.001   +0.000    -0.000    -0.148      -0.001   +0.000    -0.000    -0.113      -0.000  -0.000  -0.000  -0.001  -0.001  -0.000  -0.001  -0.001\n",
      "--- DataSetInfo              :              jet_1_b_tag:    +0.038     +0.000     -0.000                   -0.005             +0.000   -0.090    -0.000    +0.000      +1.000   -0.232    +0.001    -0.001      -0.297   -0.210    -0.000    +0.000      -0.242   -0.189    -0.000    -0.000      -0.200  -0.130  -0.101  -0.004  +0.126  +0.225  +0.052  -0.023\n",
      "--- DataSetInfo              :                 jet_2_pt:    -0.064     -0.000     -0.001                   +0.006             +0.000   +0.485    -0.000    -0.001      -0.232   +1.000    -0.001    +0.000      +0.134   +0.298    -0.000    +0.001      -0.011   +0.204    -0.000    +0.000      +0.008  +0.199  +0.266  -0.013  +0.184  +0.251  +0.366  +0.341\n",
      "--- DataSetInfo              :                jet_2_eta:    +0.000     +0.307     +0.001                   +0.000             +0.000   -0.000    +0.235    -0.000      +0.001   -0.001    +1.000    -0.000      +0.000   -0.000    +0.221    +0.000      +0.000   -0.001    +0.176    -0.000      -0.000  -0.001  -0.001  -0.000  +0.001  -0.000  +0.000  +0.000\n",
      "--- DataSetInfo              :                jet_2_phi:    +0.000     -0.000     -0.080                   +0.001             -0.043   +0.000    +0.000    -0.218      -0.001   +0.000    -0.000    +1.000      -0.001   +0.000    +0.000    -0.088      +0.001   +0.000    -0.000    -0.074      -0.000  +0.000  +0.000  +0.001  -0.000  -0.000  +0.000  +0.000\n",
      "--- DataSetInfo              :              jet_2_b_tag:    +0.008     -0.001     +0.000                   +0.006             -0.000   -0.042    -0.000    +0.001      -0.297   +0.134    +0.000    -0.001      +1.000   -0.069    +0.001    -0.000      -0.212   -0.080    +0.000    -0.000      -0.233  -0.008  +0.041  +0.006  +0.058  +0.132  +0.071  +0.051\n",
      "--- DataSetInfo              :                 jet_3_pt:    -0.072     +0.000     -0.000                   -0.005             +0.000   +0.279    +0.001    +0.000      -0.210   +0.298    -0.000    +0.000      -0.069   +1.000    -0.000    -0.000      +0.183   +0.311    +0.000    -0.000      -0.012  +0.157  +0.247  -0.015  +0.117  +0.204  +0.255  +0.250\n",
      "--- DataSetInfo              :                jet_3_eta:    +0.000     +0.277     +0.000                   -0.001             -0.000   -0.000    +0.219    -0.000      -0.000   -0.000    +0.221    +0.000      +0.001   -0.000    +1.000    -0.000      +0.000   -0.000    +0.148    -0.000      +0.000  -0.000  -0.000  -0.000  -0.000  -0.000  -0.000  -0.000\n",
      "--- DataSetInfo              :                jet_3_phi:    -0.000     +0.000     -0.066                   +0.001             -0.033   -0.000    +0.001    -0.148      +0.000   +0.001    +0.000    -0.088      -0.000   -0.000    -0.000    +1.000      +0.001   -0.001    +0.001    -0.068      -0.001  +0.000  -0.000  +0.000  +0.000  +0.000  +0.000  +0.000\n",
      "--- DataSetInfo              :              jet_3_b_tag:    -0.008     +0.001     -0.000                   -0.002             +0.001   +0.001    +0.001    -0.001      -0.242   -0.011    +0.000    +0.001      -0.212   +0.183    +0.000    +0.001      +1.000   -0.045    -0.001    -0.001      -0.273  +0.069  +0.093  +0.004  -0.010  -0.021  +0.029  +0.043\n",
      "--- DataSetInfo              :                 jet_4_pt:    -0.070     +0.000     -0.000                   -0.014             +0.000   +0.184    +0.000    +0.000      -0.189   +0.204    -0.001    +0.000      -0.080   +0.311    -0.000    -0.001      -0.045   +1.000    -0.000    +0.000      +0.184  +0.100  +0.176  -0.017  +0.054  +0.129  +0.146  +0.152\n",
      "--- DataSetInfo              :                jet_4_eta:    +0.000     +0.229     +0.001                   +0.000             -0.000   +0.000    +0.180    -0.000      -0.000   -0.000    +0.176    -0.000      +0.000   +0.000    +0.148    +0.001      -0.001   -0.000    +1.000    -0.000      +0.000  -0.001  -0.000  +0.000  +0.000  -0.000  +0.000  +0.000\n",
      "--- DataSetInfo              :                jet_4_phi:    -0.000     +0.000     -0.052                   -0.000             -0.023   +0.000    -0.000    -0.113      -0.000   +0.000    -0.000    -0.074      -0.000   -0.000    -0.000    -0.068      -0.001   +0.000    -0.000    +1.000      +0.001  +0.000  +0.000  -0.000  +0.000  +0.000  +0.000  +0.000\n",
      "--- DataSetInfo              :              jet_4_b_tag:    -0.028     +0.000     -0.000                   -0.011             +0.000   +0.022    -0.000    -0.000      -0.200   +0.008    -0.000    -0.000      -0.233   -0.012    +0.000    -0.001      -0.273   +0.184    +0.000    +0.001      +1.000  +0.127  +0.059  -0.000  -0.067  -0.162  -0.024  +0.012\n",
      "--- DataSetInfo              :                     m_jj:    +0.012     -0.000     +0.001                   +0.024             -0.000   +0.200    +0.001    -0.000      -0.130   +0.199    -0.001    +0.000      -0.008   +0.157    -0.000    +0.000      +0.069   +0.100    -0.001    +0.000      +0.127  +1.000  +0.788  +0.011  +0.094  +0.020  +0.532  +0.537\n",
      "--- DataSetInfo              :                    m_jjj:    -0.006     -0.000     +0.000                   +0.019             +0.001   +0.269    +0.001    -0.000      -0.101   +0.266    -0.001    +0.000      +0.041   +0.247    -0.000    -0.000      +0.093   +0.176    -0.000    +0.000      +0.059  +0.788  +1.000  +0.008  +0.078  +0.147  +0.692  +0.671\n",
      "--- DataSetInfo              :                     m_lv:    +0.272     +0.000     -0.000                   +0.244             +0.000   +0.004    +0.001    -0.001      -0.004   -0.013    -0.000    +0.001      +0.006   -0.015    -0.000    +0.000      +0.004   -0.017    +0.000    -0.000      -0.000  +0.011  +0.008  +1.000  +0.118  -0.026  +0.019  +0.038\n",
      "--- DataSetInfo              :                    m_jlv:    +0.081     +0.000     +0.001                   +0.250             -0.001   +0.205    +0.000    -0.001      +0.126   +0.184    +0.001    -0.000      +0.058   +0.117    -0.000    +0.000      -0.010   +0.054    +0.000    +0.000      -0.067  +0.094  +0.078  +0.118  +1.000  +0.315  +0.539  +0.547\n",
      "--- DataSetInfo              :                     m_bb:    -0.040     -0.000     -0.000                   -0.010             +0.000   +0.229    +0.000    -0.000      +0.225   +0.251    -0.000    -0.000      +0.132   +0.204    -0.000    +0.000      -0.021   +0.129    -0.000    +0.000      -0.162  +0.020  +0.147  -0.026  +0.315  +1.000  +0.450  +0.332\n",
      "--- DataSetInfo              :                    m_wbb:    +0.023     -0.000     +0.001                   +0.161             +0.000   +0.396    +0.001    -0.001      +0.052   +0.366    +0.000    +0.000      +0.071   +0.255    -0.000    +0.000      +0.029   +0.146    +0.000    +0.000      -0.024  +0.532  +0.692  +0.019  +0.539  +0.450  +1.000  +0.908\n",
      "--- DataSetInfo              :                   m_wwbb:    +0.046     -0.000     +0.001                   +0.224             +0.000   +0.381    +0.001    -0.001      -0.023   +0.341    +0.000    +0.000      +0.051   +0.250    -0.000    +0.000      +0.043   +0.152    +0.000    +0.000      +0.012  +0.537  +0.671  +0.038  +0.547  +0.332  +0.908  +1.000\n",
      "--- DataSetInfo              : ---------------------------------------------------------------------------------------------------------------------------------------------------------------------------------------------------------------------------------------------------------------------------------------------------------------------------------\n",
      "--- DataSetInfo              : Dataset[higgs] : Correlation matrix (Background):\n",
      "--- DataSetInfo              : ---------------------------------------------------------------------------------------------------------------------------------------------------------------------------------------------------------------------------------------------------------------------------------------------------------------------------------\n",
      "--- DataSetInfo              :                           lepton_pT lepton_eta lepton_phi missing_energy_magnitude missing_energy_phi jet_1_pt jet_1_eta jet_1_phi jet_1_b_tag jet_2_pt jet_2_eta jet_2_phi jet_2_b_tag jet_3_pt jet_3_eta jet_3_phi jet_3_b_tag jet_4_pt jet_4_eta jet_4_phi jet_4_b_tag    m_jj   m_jjj    m_lv   m_jlv    m_bb   m_wbb  m_wwbb\n",
      "--- DataSetInfo              :                lepton_pT:    +1.000     -0.000     -0.001                   -0.137             +0.001   +0.257    -0.000    -0.000      -0.047   +0.071    -0.000    -0.000      -0.023   +0.047    +0.001    +0.001      +0.016   +0.032    -0.000    +0.000      +0.028  +0.043  +0.045  +0.277  +0.169  +0.022  +0.146  +0.205\n",
      "--- DataSetInfo              :               lepton_eta:    -0.000     +1.000     +0.000                   -0.001             +0.000   -0.000    +0.229    -0.000      +0.000   +0.001    +0.219    -0.000      +0.000   +0.000    +0.172    -0.001      -0.001   +0.000    +0.124    +0.000      -0.000  +0.001  -0.000  -0.001  -0.000  +0.000  +0.000  +0.000\n",
      "--- DataSetInfo              :               lepton_phi:    -0.001     +0.000     +1.000                   -0.000             -0.025   -0.001    +0.000    -0.167      -0.000   -0.000    +0.000    -0.109      +0.000   +0.000    +0.001    -0.101      -0.000   -0.000    +0.001    -0.079      -0.000  +0.000  -0.000  -0.001  +0.000  -0.000  -0.000  +0.000\n",
      "--- DataSetInfo              : missing_energy_magnitude:    -0.137     -0.001     -0.000                   +1.000             -0.001   +0.273    -0.000    +0.000      -0.056   +0.075    +0.000    -0.001      -0.025   +0.046    -0.000    -0.000      +0.017   +0.029    -0.000    +0.000      +0.032  +0.047  +0.052  +0.114  +0.301  +0.022  +0.245  +0.339\n",
      "--- DataSetInfo              :       missing_energy_phi:    +0.001     +0.000     -0.025                   -0.001             +1.000   +0.000    -0.001    -0.164      +0.000   +0.001    -0.000    -0.088      -0.000   -0.000    -0.000    -0.074      +0.000   -0.000    -0.001    -0.056      -0.000  +0.000  +0.000  +0.001  +0.001  +0.001  +0.001  +0.001\n",
      "--- DataSetInfo              :                 jet_1_pt:    +0.257     -0.000     -0.001                   +0.273             +0.000   +1.000    -0.001    -0.000      +0.072   +0.490    +0.000    -0.000      -0.015   +0.253    -0.000    +0.001      -0.053   +0.136    +0.000    -0.000      -0.040  +0.170  +0.249  +0.034  +0.357  +0.454  +0.580  +0.545\n",
      "--- DataSetInfo              :                jet_1_eta:    -0.000     +0.229     +0.000                   -0.000             -0.001   -0.001    +1.000    -0.000      +0.000   -0.001    +0.260    +0.001      +0.000   -0.000    +0.244    -0.001      +0.000   +0.000    +0.205    -0.000      +0.000  +0.000  +0.000  +0.001  +0.000  +0.000  -0.000  +0.000\n",
      "--- DataSetInfo              :                jet_1_phi:    -0.000     -0.000     -0.167                   +0.000             -0.164   -0.000    -0.000    +1.000      -0.000   -0.000    -0.000    -0.175      +0.001   -0.000    +0.000    -0.116      -0.000   -0.000    -0.000    -0.089      +0.000  -0.000  -0.000  +0.001  -0.000  -0.001  +0.000  +0.000\n",
      "--- DataSetInfo              :              jet_1_b_tag:    -0.047     +0.000     -0.000                   -0.056             +0.000   +0.072    +0.000    -0.000      +1.000   -0.025    -0.000    -0.001      -0.218   -0.076    +0.000    +0.000      -0.274   -0.098    -0.000    -0.000      -0.273  -0.099  -0.033  +0.005  +0.139  +0.319  +0.167  +0.025\n",
      "--- DataSetInfo              :                 jet_2_pt:    +0.071     +0.001     -0.000                   +0.075             +0.001   +0.490    -0.001    -0.000      -0.025   +1.000    +0.000    -0.001      +0.149   +0.291    -0.000    +0.000      -0.084   +0.164    +0.000    -0.000      -0.069  +0.165  +0.257  +0.018  +0.227  +0.491  +0.506  +0.440\n",
      "--- DataSetInfo              :                jet_2_eta:    -0.000     +0.219     +0.000                   +0.000             -0.000   +0.000    +0.260    -0.000      -0.000   +0.000    +1.000    +0.000      +0.000   +0.000    +0.207    +0.001      +0.000   +0.000    +0.174    -0.000      -0.001  +0.000  -0.000  -0.001  +0.000  +0.000  -0.000  -0.000\n",
      "--- DataSetInfo              :                jet_2_phi:    -0.000     -0.000     -0.109                   -0.001             -0.088   -0.000    +0.001    -0.175      -0.001   -0.001    +0.000    +1.000      -0.000   -0.000    -0.000    -0.091      +0.001   +0.001    +0.000    -0.068      +0.000  -0.001  -0.000  -0.000  +0.000  +0.000  -0.000  -0.001\n",
      "--- DataSetInfo              :              jet_2_b_tag:    -0.023     +0.000     +0.000                   -0.025             -0.000   -0.015    +0.000    +0.001      -0.218   +0.149    +0.000    -0.000      +1.000   -0.107    +0.000    -0.000      -0.283   -0.115    +0.000    +0.000      -0.266  -0.033  +0.005  +0.002  +0.026  +0.157  +0.052  +0.015\n",
      "--- DataSetInfo              :                 jet_3_pt:    +0.047     +0.000     +0.000                   +0.046             -0.000   +0.253    -0.000    -0.000      -0.076   +0.291    +0.000    -0.000      -0.107   +1.000    -0.000    +0.000      +0.195   +0.267    +0.000    +0.001      -0.060  +0.153  +0.239  +0.013  +0.136  +0.320  +0.334  +0.316\n",
      "--- DataSetInfo              :                jet_3_eta:    +0.001     +0.172     +0.001                   -0.000             -0.000   -0.000    +0.244    +0.000      +0.000   -0.000    +0.207    -0.000      +0.000   -0.000    +1.000    -0.001      -0.001   +0.001    +0.152    +0.001      -0.000  -0.000  -0.000  +0.000  -0.000  +0.000  -0.000  -0.000\n",
      "--- DataSetInfo              :                jet_3_phi:    +0.001     -0.001     -0.101                   -0.000             -0.074   +0.001    -0.001    -0.116      +0.000   +0.000    +0.001    -0.091      -0.000   +0.000    -0.001    +1.000      +0.001   +0.000    +0.000    -0.061      -0.001  +0.000  -0.000  -0.000  +0.000  +0.001  +0.001  +0.000\n",
      "--- DataSetInfo              :              jet_3_b_tag:    +0.016     -0.001     -0.000                   +0.017             +0.000   -0.053    +0.000    -0.000      -0.274   -0.084    +0.000    +0.001      -0.283   +0.195    -0.001    +0.001      +1.000   -0.075    -0.001    +0.001      -0.233  +0.057  +0.042  -0.001  -0.040  -0.083  -0.046  +0.001\n",
      "--- DataSetInfo              :                 jet_4_pt:    +0.032     +0.000     -0.000                   +0.029             -0.000   +0.136    +0.000    -0.000      -0.098   +0.164    +0.000    +0.001      -0.115   +0.267    +0.001    +0.000      -0.075   +1.000    +0.001    +0.001      +0.209  +0.114  +0.173  +0.008  +0.074  +0.165  +0.192  +0.203\n",
      "--- DataSetInfo              :                jet_4_eta:    -0.000     +0.124     +0.001                   -0.000             -0.001   +0.000    +0.205    -0.000      -0.000   +0.000    +0.174    +0.000      +0.000   +0.000    +0.152    +0.000      -0.001   +0.001    +1.000    -0.001      -0.000  -0.000  +0.000  -0.000  +0.000  +0.000  +0.000  +0.000\n",
      "--- DataSetInfo              :                jet_4_phi:    +0.000     +0.000     -0.079                   +0.000             -0.056   -0.000    -0.000    -0.089      -0.000   -0.000    -0.000    -0.068      +0.000   +0.001    +0.001    -0.061      +0.001   +0.001    -0.001    +1.000      -0.001  -0.000  -0.001  +0.000  +0.000  +0.000  -0.000  -0.000\n",
      "--- DataSetInfo              :              jet_4_b_tag:    +0.028     -0.000     -0.000                   +0.032             -0.000   -0.040    +0.000    +0.000      -0.273   -0.069    -0.001    +0.000      -0.266   -0.060    -0.000    -0.001      -0.233   +0.209    -0.000    -0.001      +1.000  +0.111  +0.041  -0.006  -0.079  -0.244  -0.094  -0.008\n",
      "--- DataSetInfo              :                     m_jj:    +0.043     +0.001     +0.000                   +0.047             +0.000   +0.170    +0.000    -0.000      -0.099   +0.165    +0.000    -0.001      -0.033   +0.153    -0.000    +0.000      +0.057   +0.114    -0.000    -0.000      +0.111  +1.000  +0.807  +0.012  +0.118  +0.012  +0.394  +0.404\n",
      "--- DataSetInfo              :                    m_jjj:    +0.045     -0.000     -0.000                   +0.052             +0.000   +0.249    +0.000    -0.000      -0.033   +0.257    -0.000    -0.000      +0.005   +0.239    -0.000    -0.000      +0.042   +0.173    +0.000    -0.001      +0.041  +0.807  +1.000  +0.012  +0.163  +0.161  +0.550  +0.532\n",
      "--- DataSetInfo              :                     m_lv:    +0.277     -0.001     -0.001                   +0.114             +0.001   +0.034    +0.001    +0.001      +0.005   +0.018    -0.001    -0.000      +0.002   +0.013    +0.000    -0.000      -0.001   +0.008    -0.000    +0.000      -0.006  +0.012  +0.012  +1.000  +0.128  +0.021  +0.053  +0.059\n",
      "--- DataSetInfo              :                    m_jlv:    +0.169     -0.000     +0.000                   +0.301             +0.001   +0.357    +0.000    -0.000      +0.139   +0.227    +0.000    +0.000      +0.026   +0.136    -0.000    +0.000      -0.040   +0.074    +0.000    +0.000      -0.079  +0.118  +0.163  +0.128  +1.000  +0.278  +0.588  +0.547\n",
      "--- DataSetInfo              :                     m_bb:    +0.022     +0.000     -0.000                   +0.022             +0.001   +0.454    +0.000    -0.001      +0.319   +0.491    +0.000    +0.000      +0.157   +0.320    +0.000    +0.001      -0.083   +0.165    +0.000    +0.000      -0.244  +0.012  +0.161  +0.021  +0.278  +1.000  +0.623  +0.450\n",
      "--- DataSetInfo              :                    m_wbb:    +0.146     +0.000     -0.000                   +0.245             +0.001   +0.580    -0.000    +0.000      +0.167   +0.506    -0.000    -0.000      +0.052   +0.334    -0.000    +0.001      -0.046   +0.192    +0.000    -0.000      -0.094  +0.394  +0.550  +0.053  +0.588  +0.623  +1.000  +0.887\n",
      "--- DataSetInfo              :                   m_wwbb:    +0.205     +0.000     +0.000                   +0.339             +0.001   +0.545    +0.000    +0.000      +0.025   +0.440    -0.000    -0.001      +0.015   +0.316    -0.000    +0.000      +0.001   +0.203    +0.000    -0.000      -0.008  +0.404  +0.532  +0.059  +0.547  +0.450  +0.887  +1.000\n",
      "--- DataSetInfo              : ---------------------------------------------------------------------------------------------------------------------------------------------------------------------------------------------------------------------------------------------------------------------------------------------------------------------------------\n",
      "--- DataSetFactory           : Dataset[higgs] :  \n"
     ]
    }
   ],
   "source": [
    "factory->BookMethod(loader, TMVA::Types::kBDT, \"BDT\", \"!V:NTrees=1000:MinNodeSize=2.5%:MaxDepth=3\"\n",
    "                                                      \":BoostType=AdaBoost:AdaBoostBeta=0.5\"\n",
    "                                                      \":UseBaggedBoost:BaggedSampleFraction=0.5\"\n",
    "                                                      \":SeparationType=GiniIndex:nCuts=20\");\n"
   ]
  },
  {
   "cell_type": "code",
   "execution_count": 5,
   "metadata": {
    "collapsed": false
   },
   "outputs": [
    {
     "name": "stdout",
     "output_type": "stream",
     "text": [
      "--- Factory                  : Booking method: DNN DataSet Name: higgs\n",
      "--- <VERBOSE> Configurable             : Parsing option string: \n",
      "--- <VERBOSE> Configurable             : ... \"!H:V:Architecture=GPU:VarTransform=N:ErrorStrategy=CROSSENTROPY:WeightInitialization=XAVIERUNIFORM:Layout=TANH|256,TANH|256,TANH|256,TANH|256,TANH|256,LINEAR:TrainingStrategy=LearningRate=0.1,ConvergenceSteps=20,Momentum=0.9,BatchSize=4096,Regularization=L2,WeightDecay=1e-5,TestRepetitions=5|LearningRate=0.01,ConvergenceSteps=20,Momentum=0.9,BatchSize=4096,Regularization=L2,WeightDecay=1e-5,TestRepetitions=5|LearningRate=0.001,ConvergenceSteps=20,BatchSize=4096,Momentum=0.5,Regularization=L2,WeightDecay=1e-5,TestRepetitions=5|LearningRate=0.0001,ConvergenceSteps=20,Momentum=0.2,BatchSize=4096,Regularization=L2,WeightDecay=1e-5,TestRepetitions=5|LearningRate=0.00001,ConvergenceSteps=20,Momentum=0.0,BatchSize=4096,TestRepetitions=5\"\n",
      "--- <VERBOSE> Configurable             : The following options are set:\n",
      "--- <VERBOSE> Configurable             : - By User:\n",
      "--- <VERBOSE> Configurable             :     <none>\n",
      "--- <VERBOSE> Configurable             : - Default:\n",
      "--- <VERBOSE> Configurable             :     Boost_num: \"0\" [Number of times the classifier will be boosted]\n",
      "--- <VERBOSE> DNN                      : Parsing option string: \n",
      "--- <VERBOSE> DNN                      : ... \"!H:V:Architecture=GPU:VarTransform=N:ErrorStrategy=CROSSENTROPY:WeightInitialization=XAVIERUNIFORM:Layout=TANH|256,TANH|256,TANH|256,TANH|256,TANH|256,LINEAR:TrainingStrategy=LearningRate=0.1,ConvergenceSteps=20,Momentum=0.9,BatchSize=4096,Regularization=L2,WeightDecay=1e-5,TestRepetitions=5|LearningRate=0.01,ConvergenceSteps=20,Momentum=0.9,BatchSize=4096,Regularization=L2,WeightDecay=1e-5,TestRepetitions=5|LearningRate=0.001,ConvergenceSteps=20,BatchSize=4096,Momentum=0.5,Regularization=L2,WeightDecay=1e-5,TestRepetitions=5|LearningRate=0.0001,ConvergenceSteps=20,Momentum=0.2,BatchSize=4096,Regularization=L2,WeightDecay=1e-5,TestRepetitions=5|LearningRate=0.00001,ConvergenceSteps=20,Momentum=0.0,BatchSize=4096,TestRepetitions=5\"\n",
      "--- <VERBOSE> DNN                      : The following options are set:\n",
      "--- <VERBOSE> DNN                      : - By User:\n",
      "--- <VERBOSE> DNN                      :     V: \"True\" [Verbose output (short form of \"VerbosityLevel\" below - overrides the latter one)]\n",
      "--- <VERBOSE> DNN                      :     VarTransform: \"N\" [List of variable transformations performed before training, e.g., \"D_Background,P_Signal,G,N_AllClasses\" for: \"Decorrelation, PCA-transformation, Gaussianisation, Normalisation, each for the given class of events ('AllClasses' denotes all events of all classes, if no class indication is given, 'All' is assumed)\"]\n",
      "--- <VERBOSE> DNN                      :     H: \"False\" [Print method-specific help message]\n",
      "--- <VERBOSE> DNN                      :     Layout: \"TANH|256,TANH|256,TANH|256,TANH|256,TANH|256,LINEAR\" [Layou of the network.]\n",
      "--- <VERBOSE> DNN                      :     ErrorStrategy: \"CROSSENTROPY\" [Loss function: Mean squared error (regression) or cross entropy (binary classifcation).]\n",
      "--- <VERBOSE> DNN                      :     WeightInitialization: \"XAVIERUNIFORM\" [Weight initialization strategy]\n",
      "--- <VERBOSE> DNN                      :     Architecture: \"GPU\" [Which architecture to perfrom the training on.]\n",
      "--- <VERBOSE> DNN                      :     TrainingStrategy: \"LearningRate=0.1,ConvergenceSteps=20,Momentum=0.9,BatchSize=4096,Regularization=L2,WeightDecay=1e-5,TestRepetitions=5|LearningRate=0.01,ConvergenceSteps=20,Momentum=0.9,BatchSize=4096,Regularization=L2,WeightDecay=1e-5,TestRepetitions=5|LearningRate=0.001,ConvergenceSteps=20,BatchSize=4096,Momentum=0.5,Regularization=L2,WeightDecay=1e-5,TestRepetitions=5|LearningRate=0.0001,ConvergenceSteps=20,Momentum=0.2,BatchSize=4096,Regularization=L2,WeightDecay=1e-5,TestRepetitions=5|LearningRate=0.00001,ConvergenceSteps=20,Momentum=0.0,BatchSize=4096,TestRepetitions=5\" [Defines the training strategies.]\n",
      "--- <VERBOSE> DNN                      : - Default:\n",
      "--- <VERBOSE> DNN                      :     VerbosityLevel: \"Default\" [Verbosity level]\n",
      "--- <VERBOSE> DNN                      :     CreateMVAPdfs: \"False\" [Create PDFs for classifier outputs (signal and background)]\n",
      "--- <VERBOSE> DNN                      :     IgnoreNegWeightsInTraining: \"False\" [Events with negative weights are ignored in the training (but are included for testing and performance evaluation)]\n",
      "--- DNN                      : Dataset[higgs] : Create Transformation \"N\" with events from all classes.\n",
      "--- Norm                     : Transformation, Variable selection : \n",
      "--- Norm                     : Input : variable 'lepton_pT' (index=0).   <---> Output : variable 'lepton_pT' (index=0).\n",
      "--- Norm                     : Input : variable 'lepton_eta' (index=1).   <---> Output : variable 'lepton_eta' (index=1).\n",
      "--- Norm                     : Input : variable 'lepton_phi' (index=2).   <---> Output : variable 'lepton_phi' (index=2).\n",
      "--- Norm                     : Input : variable 'missing_energy_magnitude' (index=3).   <---> Output : variable 'missing_energy_magnitude' (index=3).\n",
      "--- Norm                     : Input : variable 'missing_energy_phi' (index=4).   <---> Output : variable 'missing_energy_phi' (index=4).\n",
      "--- Norm                     : Input : variable 'jet_1_pt' (index=5).   <---> Output : variable 'jet_1_pt' (index=5).\n",
      "--- Norm                     : Input : variable 'jet_1_eta' (index=6).   <---> Output : variable 'jet_1_eta' (index=6).\n",
      "--- Norm                     : Input : variable 'jet_1_phi' (index=7).   <---> Output : variable 'jet_1_phi' (index=7).\n",
      "--- Norm                     : Input : variable 'jet_1_b_tag' (index=8).   <---> Output : variable 'jet_1_b_tag' (index=8).\n",
      "--- Norm                     : Input : variable 'jet_2_pt' (index=9).   <---> Output : variable 'jet_2_pt' (index=9).\n",
      "--- Norm                     : Input : variable 'jet_2_eta' (index=10).   <---> Output : variable 'jet_2_eta' (index=10).\n",
      "--- Norm                     : Input : variable 'jet_2_phi' (index=11).   <---> Output : variable 'jet_2_phi' (index=11).\n",
      "--- Norm                     : Input : variable 'jet_2_b_tag' (index=12).   <---> Output : variable 'jet_2_b_tag' (index=12).\n",
      "--- Norm                     : Input : variable 'jet_3_pt' (index=13).   <---> Output : variable 'jet_3_pt' (index=13).\n",
      "--- Norm                     : Input : variable 'jet_3_eta' (index=14).   <---> Output : variable 'jet_3_eta' (index=14).\n",
      "--- Norm                     : Input : variable 'jet_3_phi' (index=15).   <---> Output : variable 'jet_3_phi' (index=15).\n",
      "--- Norm                     : Input : variable 'jet_3_b_tag' (index=16).   <---> Output : variable 'jet_3_b_tag' (index=16).\n",
      "--- Norm                     : Input : variable 'jet_4_pt' (index=17).   <---> Output : variable 'jet_4_pt' (index=17).\n",
      "--- Norm                     : Input : variable 'jet_4_eta' (index=18).   <---> Output : variable 'jet_4_eta' (index=18).\n",
      "--- Norm                     : Input : variable 'jet_4_phi' (index=19).   <---> Output : variable 'jet_4_phi' (index=19).\n",
