{
 "cells": [
  {
   "cell_type": "markdown",
   "metadata": {},
   "source": [
    "<img src=\"http://oproject.org/tiki-download_file.php?fileId=8&display&x=450&y=128\">\n",
    "<img src=\"http://gfif.udea.edu.co/root/tmva/img/tmva_logo.gif\">\n",
    "## TMVA Deep Neural Network Example"
   ]
  },
  {
   "cell_type": "code",
   "execution_count": 1,
   "metadata": {
    "collapsed": false
   },
   "outputs": [],
   "source": [
    "TMVA::Tools::Instance();"
   ]
  },
  {
   "cell_type": "markdown",
   "metadata": {},
   "source": [
    "### Open input and output files"
   ]
  },
  {
   "cell_type": "code",
   "execution_count": 2,
   "metadata": {
    "collapsed": false
   },
   "outputs": [
    {
     "name": "stdout",
     "output_type": "stream",
     "text": [
      "--- Factory                  : You are running ROOT Version: 6.07/07, Apr 1, 2016\n",
      "--- Factory                  : \n",
      "--- Factory                  : _/_/_/_/_/ _|      _|  _|      _|    _|_|   \n",
      "--- Factory                  :    _/      _|_|  _|_|  _|      _|  _|    _| \n",
      "--- Factory                  :   _/       _|  _|  _|  _|      _|  _|_|_|_| \n",
      "--- Factory                  :  _/        _|      _|    _|  _|    _|    _| \n",
      "--- Factory                  : _/         _|      _|      _|      _|    _| \n",
      "--- Factory                  : \n",
      "--- Factory                  : ___________TMVA Version 4.2.1, Feb 5, 2015\n",
      "--- Factory                  : \n"
     ]
    }
   ],
   "source": [
    "TString infilename = \"higgs.root\";\n",
    "TFile *input       = TFile::Open(infilename);\n",
    "TMVA::DataLoader *loader = new TMVA::DataLoader(\"higgs\");\n",
    "\n",
    "TString outfilename = \"TMVA_DNN.root\";\n",
    "TFile *output       = TFile::Open(outfilename, \"RECREATE\");\n",
    "\n",
    "TMVA::Factory *factory   = new TMVA::Factory(\"TMVAClassification\",\n",
    "                                             output,\n",
    "                                             \"AnalysisType=Classification\");"
   ]
  },
  {
   "cell_type": "markdown",
   "metadata": {},
   "source": [
    "### Prepare training data"
   ]
  },
  {
   "cell_type": "code",
   "execution_count": 3,
   "metadata": {
    "collapsed": false
   },
   "outputs": [
    {
     "name": "stdout",
     "output_type": "stream",
     "text": [
      "--- DataSetInfo              : Dataset[higgs] : Added class \"Signal\"\t with internal class number 0\n",
      "--- higgs                    : Add Tree TreeS of type Signal with 5829123 events\n",
      "--- DataSetInfo              : Dataset[higgs] : Added class \"Background\"\t with internal class number 1\n",
      "--- higgs                    : Add Tree TreeB of type Background with 5170877 events\n"
     ]
    }
   ],
   "source": [
    "TTree *tsignal     = (TTree *) input->Get(\"TreeS\");\n",
    "TTree *tbackground = (TTree *) input->Get(\"TreeB\");\n",
    "Double_t signalWeight = 1.0;\n",
    "Double_t backgroundWeight = 1.0;\n",
    "loader->AddSignalTree    (tsignal,     signalWeight);\n",
    "loader->AddBackgroundTree(tbackground, backgroundWeight);"
   ]
  },
  {
   "cell_type": "markdown",
   "metadata": {},
   "source": [
    "### Add variables"
   ]
  },
  {
   "cell_type": "code",
   "execution_count": 4,
   "metadata": {
    "collapsed": false
   },
   "outputs": [
    {
     "name": "stdout",
     "output_type": "stream",
     "text": [
      "--- higgs                    : Preparing trees for training and testing...\n"
     ]
    }
   ],
   "source": [
    "loader->AddVariable(\"lepton_pT\",'F');\n",
    "loader->AddVariable(\"lepton_eta\",'F');\n",
    "loader->AddVariable(\"lepton_phi\",'F');\n",
    "loader->AddVariable(\"missing_energy_magnitude\",'F');\n",
    "loader->AddVariable(\"missing_energy_phi\",'F');\n",
    "loader->AddVariable(\"jet_1_pt\",'F');\n",
    "loader->AddVariable(\"jet_1_eta\",'F');\n",
    "loader->AddVariable(\"jet_1_phi\",'F');\n",
    "loader->AddVariable(\"jet_1_b_tag\",'F');\n",
    "loader->AddVariable(\"jet_2_pt\",'F');\n",
    "loader->AddVariable(\"jet_2_eta\",'F');\n",
    "loader->AddVariable(\"jet_2_phi\",'F');\n",
    "loader->AddVariable(\"jet_2_b_tag\",'F');\n",
    "loader->AddVariable(\"jet_3_pt\",'F');\n",
    "loader->AddVariable(\"jet_3_eta\",'F');\n",
    "loader->AddVariable(\"jet_3_phi\",'F');\n",
    "loader->AddVariable(\"jet_3_b_tag\",'F');\n",
    "loader->AddVariable(\"jet_4_pt\",'F');\n",
    "loader->AddVariable(\"jet_4_eta\",'F');\n",
    "loader->AddVariable(\"jet_4_phi\",'F');\n",
    "loader->AddVariable(\"jet_4_b_tag\",'F');\n",
    "loader->AddVariable(\"m_jj\",'F');\n",
    "loader->AddVariable(\"m_jjj\",'F');\n",
    "loader->AddVariable(\"m_lv\",'F');\n",
    "loader->AddVariable(\"m_jlv\",'F');\n",
    "loader->AddVariable(\"m_bb\",'F');\n",
    "loader->AddVariable(\"m_wbb\",'F');\n",
    "loader->AddVariable(\"m_wwbb\",'F');\n",
    "\n",
    "TString dataString = \"nTrain_Signal=1000:\"\n",
    "                     \"nTrain_Background=1000:\"\n",
    "                     \"nTest_Signal=100:\"\n",
    "                     \"nTest_Background=100:\"\n",
    "                     \"SplitMode=Random:\"\n",
    "                     \"NormMode=NumEvents:\"\n",
    "                     \"!V\";\n",
    "loader->PrepareTrainingAndTestTree(\"\", \"\", dataString);\n"
   ]
  },
  {
   "cell_type": "markdown",
   "metadata": {},
   "source": [
    "### Define network structure and training scheme"
   ]
  },
  {
   "cell_type": "code",
   "execution_count": 5,
   "metadata": {
    "collapsed": false
   },
   "outputs": [
    {
     "name": "stdout",
     "output_type": "stream",
     "text": [
      "--- Factory                  : Booking method: DNN DataSet Name: higgs\n",
      "--- <VERBOSE> Configurable             : Parsing option string: \n",
      "--- <VERBOSE> Configurable             : ... \"!H:V:VarTransform=G:ErrorStrategy=CROSSENTROPY:WeightInitialization=XAVIERUNIFORM:Layout=RELU|100,RELU|50,RELU|10,LINEAR:TrainingStrategy=LearningRate=0.1,Momentum=0.5,Repetitions=1,ConvergenceSteps=300,BatchSize=20,Regularization=None,TestRepetitions=15,Multithreading=True\"\n",
      "--- <VERBOSE> Configurable             : The following options are set:\n",
      "--- <VERBOSE> Configurable             : - By User:\n",
      "--- <VERBOSE> Configurable             :     <none>\n",
      "--- <VERBOSE> Configurable             : - Default:\n",
      "--- <VERBOSE> Configurable             :     Boost_num: \"0\" [Number of times the classifier will be boosted]\n",
      "--- <VERBOSE> DNN                      : Parsing option string: \n",
      "--- <VERBOSE> DNN                      : ... \"!H:V:VarTransform=G:ErrorStrategy=CROSSENTROPY:WeightInitialization=XAVIERUNIFORM:Layout=RELU|100,RELU|50,RELU|10,LINEAR:TrainingStrategy=LearningRate=0.1,Momentum=0.5,Repetitions=1,ConvergenceSteps=300,BatchSize=20,Regularization=None,TestRepetitions=15,Multithreading=True\"\n",
      "--- <VERBOSE> DNN                      : The following options are set:\n",
      "--- <VERBOSE> DNN                      : - By User:\n",
      "--- <VERBOSE> DNN                      :     V: \"True\" [Verbose output (short form of \"VerbosityLevel\" below - overrides the latter one)]\n",
      "--- <VERBOSE> DNN                      :     VarTransform: \"G\" [List of variable transformations performed before training, e.g., \"D_Background,P_Signal,G,N_AllClasses\" for: \"Decorrelation, PCA-transformation, Gaussianisation, Normalisation, each for the given class of events ('AllClasses' denotes all events of all classes, if no class indication is given, 'All' is assumed)\"]\n",
      "--- <VERBOSE> DNN                      :     H: \"False\" [Print method-specific help message]\n",
      "--- <VERBOSE> DNN                      :     Layout: \"RELU|100,RELU|50,RELU|10,LINEAR\" [neural network layout]\n",
      "--- <VERBOSE> DNN                      :     ErrorStrategy: \"CROSSENTROPY\" [error strategy (regression: sum of squares; classification: crossentropy; multiclass: crossentropy/mutual exclusive cross entropy]\n",
      "--- <VERBOSE> DNN                      :     WeightInitialization: \"XAVIERUNIFORM\" [Weight initialization strategy]\n",
      "--- <VERBOSE> DNN                      :     TrainingStrategy: \"LearningRate=0.1,Momentum=0.5,Repetitions=1,ConvergenceSteps=300,BatchSize=20,Regularization=None,TestRepetitions=15,Multithreading=True\" [defines the training strategies]\n",
      "--- <VERBOSE> DNN                      : - Default:\n",
      "--- <VERBOSE> DNN                      :     VerbosityLevel: \"Default\" [Verbosity level]\n",
      "--- <VERBOSE> DNN                      :     CreateMVAPdfs: \"False\" [Create PDFs for classifier outputs (signal and background)]\n",
      "--- <VERBOSE> DNN                      :     IgnoreNegWeightsInTraining: \"False\" [Events with negative weights are ignored in the training (but are included for testing and performance evaluation)]\n",
      "--- <VERBOSE> DNN                      :     SignalWeightsSum: \"1.000000e+03\" [Sum of weights of signal; Is used to compute the significance on the fly]\n",
      "--- <VERBOSE> DNN                      :     BackgroundWeightsSum: \"1.000000e+03\" [Sum of weights of background; Is used to compute the significance on the fly]\n",
      "--- DNN                      : Dataset[higgs] : Create Transformation \"G\" with events from all classes.\n",
      "--- Gauss                    : Transformation, Variable selection : \n",
      "--- Gauss                    : Input : variable 'lepton_pT' (index=0).   <---> Output : variable 'lepton_pT' (index=0).\n",
      "--- Gauss                    : Input : variable 'lepton_eta' (index=1).   <---> Output : variable 'lepton_eta' (index=1).\n",
      "--- Gauss                    : Input : variable 'lepton_phi' (index=2).   <---> Output : variable 'lepton_phi' (index=2).\n",
      "--- Gauss                    : Input : variable 'missing_energy_magnitude' (index=3).   <---> Output : variable 'missing_energy_magnitude' (index=3).\n",
      "--- Gauss                    : Input : variable 'missing_energy_phi' (index=4).   <---> Output : variable 'missing_energy_phi' (index=4).\n",
      "--- Gauss                    : Input : variable 'jet_1_pt' (index=5).   <---> Output : variable 'jet_1_pt' (index=5).\n",
      "--- Gauss                    : Input : variable 'jet_1_eta' (index=6).   <---> Output : variable 'jet_1_eta' (index=6).\n",
      "--- Gauss                    : Input : variable 'jet_1_phi' (index=7).   <---> Output : variable 'jet_1_phi' (index=7).\n",
      "--- Gauss                    : Input : variable 'jet_1_b_tag' (index=8).   <---> Output : variable 'jet_1_b_tag' (index=8).\n",
      "--- Gauss                    : Input : variable 'jet_2_pt' (index=9).   <---> Output : variable 'jet_2_pt' (index=9).\n",
      "--- Gauss                    : Input : variable 'jet_2_eta' (index=10).   <---> Output : variable 'jet_2_eta' (index=10).\n",
      "--- Gauss                    : Input : variable 'jet_2_phi' (index=11).   <---> Output : variable 'jet_2_phi' (index=11).\n",
      "--- Gauss                    : Input : variable 'jet_2_b_tag' (index=12).   <---> Output : variable 'jet_2_b_tag' (index=12).\n",
      "--- Gauss                    : Input : variable 'jet_3_pt' (index=13).   <---> Output : variable 'jet_3_pt' (index=13).\n",
      "--- Gauss                    : Input : variable 'jet_3_eta' (index=14).   <---> Output : variable 'jet_3_eta' (index=14).\n",
      "--- Gauss                    : Input : variable 'jet_3_phi' (index=15).   <---> Output : variable 'jet_3_phi' (index=15).\n",
      "--- Gauss                    : Input : variable 'jet_3_b_tag' (index=16).   <---> Output : variable 'jet_3_b_tag' (index=16).\n",
      "--- Gauss                    : Input : variable 'jet_4_pt' (index=17).   <---> Output : variable 'jet_4_pt' (index=17).\n",
      "--- Gauss                    : Input : variable 'jet_4_eta' (index=18).   <---> Output : variable 'jet_4_eta' (index=18).\n",
      "--- Gauss                    : Input : variable 'jet_4_phi' (index=19).   <---> Output : variable 'jet_4_phi' (index=19).\n",
      "--- Gauss                    : Input : variable 'jet_4_b_tag' (index=20).   <---> Output : variable 'jet_4_b_tag' (index=20).\n",
      "--- Gauss                    : Input : variable 'm_jj' (index=21).   <---> Output : variable 'm_jj' (index=21).\n",
      "--- Gauss                    : Input : variable 'm_jjj' (index=22).   <---> Output : variable 'm_jjj' (index=22).\n",
      "--- Gauss                    : Input : variable 'm_lv' (index=23).   <---> Output : variable 'm_lv' (index=23).\n",
      "--- Gauss                    : Input : variable 'm_jlv' (index=24).   <---> Output : variable 'm_jlv' (index=24).\n",
      "--- Gauss                    : Input : variable 'm_bb' (index=25).   <---> Output : variable 'm_bb' (index=25).\n",
      "--- Gauss                    : Input : variable 'm_wbb' (index=26).   <---> Output : variable 'm_wbb' (index=26).\n",
      "--- Gauss                    : Input : variable 'm_wwbb' (index=27).   <---> Output : variable 'm_wwbb' (index=27).\n"
     ]
    }
   ],
   "source": [
    "TString configString = \"!H:V\";\n",
    "configString += \":VarTransform=G\";\n",
    "configString += \":ErrorStrategy=CROSSENTROPY\";\n",
    "configString += \":WeightInitialization=XAVIERUNIFORM\";\n",
    "TString layoutString = \"Layout=RELU|100,RELU|50,RELU|10,LINEAR\";\n",
    "\n",
    "TString trainingString = \"TrainingStrategy=\"\n",
    "                         \"LearningRate=0.1,\"\n",
    "                         \"Momentum=0.5,\"\n",
    "                         \"Repetitions=1,\"\n",
    "                         \"ConvergenceSteps=300,\"\n",
    "                         \"BatchSize=20,\"\n",
    "                         \"Regularization=None,\"\n",
    "                         \"TestRepetitions=15,\"\n",
    "                         \"Multithreading=True\";\n",
    "\n",
    "configString += \":\" + layoutString + \":\" + trainingString;\n",
    "TMVA::Types::EMVA method = TMVA::Types::kDNN;\n",
    "factory->BookMethod(loader, method, \"DNN\", configString);"
   ]
  },
  {
   "cell_type": "markdown",
   "metadata": {},
   "source": [
    "### Train and evaluate method"
   ]
  },
  {
   "cell_type": "code",
   "execution_count": 6,
   "metadata": {
    "collapsed": false
   },
   "outputs": [
    {
     "name": "stdout",
     "output_type": "stream",
     "text": [
      "--- Factory                  :  \n",
      "--- Factory                  : Train all methods for Classification ...\n",
      "--- DataSetFactory           : Dataset[higgs] : Splitmode is: \"RANDOM\" the mixmode is: \"SAMEASSPLITMODE\"\n",
      "--- DataSetFactory           : Dataset[higgs] : Create training and testing trees -- looping over class \"Signal\" ...\n",
      "--- DataSetFactory           : Dataset[higgs] : Weight expression for class 'Signal': \"\"\n",
      "--- DataSetFactory           : Dataset[higgs] : Create training and testing trees -- looping over class \"Background\" ...\n",
      "--- DataSetFactory           : Dataset[higgs] : Weight expression for class 'Background': \"\"\n",
      "--- DataSetFactory           : Dataset[higgs] : Number of events in input trees (after possible flattening of arrays):\n",
      "--- DataSetFactory           : Dataset[higgs] :     Signal          -- number of events       : 5829123  / sum of weights: 5.82912e+06\n",
      "--- DataSetFactory           : Dataset[higgs] :     Background      -- number of events       : 5170877  / sum of weights: 5.17088e+06\n",
      "--- DataSetFactory           : Dataset[higgs] :     Signal     tree -- total number of entries: 5829123\n",
      "--- DataSetFactory           : Dataset[higgs] :     Background tree -- total number of entries: 5170877\n",
      "--- DataSetFactory           : Dataset[higgs] : Preselection: (will NOT affect number of requested training and testing events)\n",
      "--- DataSetFactory           : Dataset[higgs] :     No preselection cuts applied on event classes\n",
      "--- DataSetFactory           : Dataset[higgs] : Weight renormalisation mode: \"NumEvents\": renormalises all event classes \n",
      "--- DataSetFactory           : Dataset[higgs] :  such that the effective (weighted) number of events in each class equals the respective \n",
      "--- DataSetFactory           : Dataset[higgs] :  number of events (entries) that you demanded in PrepareTrainingAndTestTree(\"\",\"nTrain_Signal=.. )\n",
      "--- DataSetFactory           : Dataset[higgs] :  ... i.e. such that Sum[i=1..N_j]{w_i} = N_j, j=0,1,2...\n",
      "--- DataSetFactory           : Dataset[higgs] :  ... (note that N_j is the sum of TRAINING events (nTrain_j...with j=Signal,Background..\n",
      "--- DataSetFactory           : Dataset[higgs] :  ..... Testing events are not renormalised nor included in the renormalisation factor! )\n",
      "--- DataSetFactory           : Dataset[higgs] : --> Rescale Signal     event weights by factor: 1\n",
      "--- DataSetFactory           : Dataset[higgs] : --> Rescale Background event weights by factor: 1\n",
      "--- DataSetFactory           : Dataset[higgs] : Number of training and testing events after rescaling:\n",
      "--- DataSetFactory           : Dataset[higgs] : ---------------------------------------------------------------------------\n",
      "--- DataSetFactory           : Dataset[higgs] : Signal     -- training events            : 1000 (sum of weights: 1000) - requested were 1000 events\n",
      "--- DataSetFactory           : Dataset[higgs] : Signal     -- testing events             : 100 (sum of weights: 100) - requested were 100 events\n",
      "--- DataSetFactory           : Dataset[higgs] : Signal     -- training and testing events: 1100 (sum of weights: 1100)\n",
      "--- DataSetFactory           : Dataset[higgs] : Background -- training events            : 1000 (sum of weights: 1000) - requested were 1000 events\n",
      "--- DataSetFactory           : Dataset[higgs] : Background -- testing events             : 100 (sum of weights: 100) - requested were 100 events\n",
      "--- DataSetFactory           : Dataset[higgs] : Background -- training and testing events: 1100 (sum of weights: 1100)\n",
      "--- DataSetFactory           : Dataset[higgs] : Create internal training tree\n",
      "--- DataSetFactory           : Dataset[higgs] : Create internal testing tree\n",
      "--- DataSetInfo              : Dataset[higgs] : Correlation matrix (Signal):\n",
      "--- DataSetInfo              : ---------------------------------------------------------------------------------------------------------------------------------------------------------------------------------------------------------------------------------------------------------------------------------------------------------------------------------\n",
      "--- DataSetInfo              :                           lepton_pT lepton_eta lepton_phi missing_energy_magnitude missing_energy_phi jet_1_pt jet_1_eta jet_1_phi jet_1_b_tag jet_2_pt jet_2_eta jet_2_phi jet_2_b_tag jet_3_pt jet_3_eta jet_3_phi jet_3_b_tag jet_4_pt jet_4_eta jet_4_phi jet_4_b_tag    m_jj   m_jjj    m_lv   m_jlv    m_bb   m_wbb  m_wwbb\n",
      "--- DataSetInfo              :                lepton_pT:    +1.000     -0.025     -0.020                   -0.183             -0.020   +0.095    +0.035    +0.007      +0.074   -0.073    +0.019    -0.024      +0.019   -0.067    +0.035    -0.047      -0.011   -0.027    +0.005    -0.037      -0.046  +0.002  -0.011  +0.293  +0.144  -0.004  +0.075  +0.060\n",
      "--- DataSetInfo              :               lepton_eta:    -0.025     +1.000     +0.012                   +0.011             +0.033   -0.022    +0.316    -0.048      +0.012   -0.023    +0.376    +0.009      -0.048   +0.030    +0.314    +0.028      +0.018   -0.023    +0.212    -0.002      -0.032  +0.017  +0.018  +0.045  -0.049  +0.011  -0.012  -0.017\n",
      "--- DataSetInfo              :               lepton_phi:    -0.020     +0.012     +1.000                   +0.042             -0.094   +0.008    +0.007    -0.182      -0.047   +0.014    +0.034    -0.113      +0.035   +0.003    +0.037    -0.086      -0.011   +0.082    +0.019    +0.004      +0.033  +0.065  +0.070  -0.009  +0.003  +0.006  +0.060  +0.069\n",
      "--- DataSetInfo              : missing_energy_magnitude:    -0.183     +0.011     +0.042                   +1.000             +0.014   +0.095    +0.028    -0.009      -0.034   -0.060    -0.019    -0.040      +0.034   +0.007    -0.008    +0.038      -0.037   -0.027    -0.060    -0.007      -0.014  -0.006  +0.011  +0.230  +0.180  -0.061  +0.099  +0.203\n",
      "--- DataSetInfo              :       missing_energy_phi:    -0.020     +0.033     -0.094                   +0.014             +1.000   -0.009    -0.012    -0.220      +0.054   -0.002    +0.013    -0.032      -0.049   -0.044    -0.016    -0.018      -0.027   -0.024    +0.018    +0.013      +0.010  +0.002  +0.020  +0.042  +0.019  +0.042  +0.031  +0.023\n",
      "--- DataSetInfo              :                 jet_1_pt:    +0.095     -0.022     +0.008                   +0.095             -0.009   +1.000    -0.090    +0.078      -0.099   +0.494    -0.026    -0.058      -0.034   +0.288    -0.008    -0.015      -0.005   +0.182    -0.028    -0.013      +0.012  +0.195  +0.296  -0.074  +0.262  +0.242  +0.432  +0.426\n",
      "--- DataSetInfo              :                jet_1_eta:    +0.035     +0.316     +0.007                   +0.028             -0.012   -0.090    +1.000    -0.027      -0.010   -0.064    +0.268    +0.030      +0.035   -0.037    +0.247    +0.015      -0.027   -0.004    +0.236    -0.024      +0.015  +0.009  +0.034  +0.056  +0.021  +0.019  +0.013  +0.020\n",
      "--- DataSetInfo              :                jet_1_phi:    +0.007     -0.048     -0.182                   -0.009             -0.220   +0.078    -0.027    +1.000      +0.007   +0.020    -0.011    -0.185      +0.050   +0.042    +0.035    -0.142      +0.021   +0.016    -0.021    -0.130      -0.026  -0.028  +0.010  -0.046  +0.036  +0.010  +0.009  +0.018\n",
      "--- DataSetInfo              :              jet_1_b_tag:    +0.074     +0.012     -0.047                   -0.034             +0.054   -0.099    -0.010    +0.007      +1.000   -0.231    +0.018    -0.023      -0.268   -0.227    -0.014    -0.038      -0.250   -0.155    -0.021    +0.036      -0.214  -0.139  -0.079  +0.032  +0.128  +0.207  +0.084  -0.008\n",
      "--- DataSetInfo              :                 jet_2_pt:    -0.073     -0.023     +0.014                   -0.060             -0.002   +0.494    -0.064    +0.020      -0.231   +1.000    -0.021    -0.000      +0.114   +0.296    +0.006    +0.004      +0.005   +0.170    +0.016    +0.038      +0.023  +0.217  +0.312  -0.105  +0.208  +0.320  +0.427  +0.378\n",
      "--- DataSetInfo              :                jet_2_eta:    +0.019     +0.376     +0.034                   -0.019             +0.013   -0.026    +0.268    -0.011      +0.018   -0.021    +1.000    -0.003      +0.014   -0.060    +0.262    -0.021      -0.049   -0.034    +0.207    -0.017      +0.004  +0.083  +0.014  +0.043  -0.039  +0.018  -0.017  -0.005\n",
      "--- DataSetInfo              :                jet_2_phi:    -0.024     +0.009     -0.113                   -0.040             -0.032   -0.058    +0.030    -0.185      -0.023   -0.000    -0.003    +1.000      +0.012   -0.004    -0.024    -0.057      +0.008   -0.055    +0.012    -0.068      +0.030  -0.019  -0.020  -0.041  -0.046  +0.009  -0.037  -0.041\n",
      "--- DataSetInfo              :              jet_2_b_tag:    +0.019     -0.048     +0.035                   +0.034             -0.049   -0.034    +0.035    +0.050      -0.268   +0.114    +0.014    +0.012      +1.000   -0.067    +0.015    +0.013      -0.255   -0.099    -0.036    +0.017      -0.223  -0.022  +0.061  -0.015  +0.058  +0.145  +0.087  +0.089\n",
      "--- DataSetInfo              :                 jet_3_pt:    -0.067     +0.030     +0.003                   +0.007             -0.044   +0.288    -0.037    +0.042      -0.227   +0.296    -0.060    -0.004      -0.067   +1.000    +0.027    +0.066      +0.215   +0.253    -0.009    -0.006      -0.023  +0.145  +0.253  -0.029  +0.159  +0.150  +0.262  +0.256\n",
      "--- DataSetInfo              :                jet_3_eta:    +0.035     +0.314     +0.037                   -0.008             -0.016   -0.008    +0.247    +0.035      -0.014   +0.006    +0.262    -0.024      +0.015   +0.027    +1.000    +0.011      -0.011   +0.032    +0.160    +0.007      -0.026  +0.005  -0.010  +0.062  +0.037  +0.017  +0.003  -0.001\n",
      "--- DataSetInfo              :                jet_3_phi:    -0.047     +0.028     -0.086                   +0.038             -0.018   -0.015    +0.015    -0.142      -0.038   +0.004    -0.021    -0.057      +0.013   +0.066    +0.011    +1.000      +0.036   -0.027    -0.011    -0.120      -0.023  -0.006  -0.010  +0.018  +0.005  -0.007  +0.000  +0.017\n",
      "--- DataSetInfo              :              jet_3_b_tag:    -0.011     +0.018     -0.011                   -0.037             -0.027   -0.005    -0.027    +0.021      -0.250   +0.005    -0.049    +0.008      -0.255   +0.215    -0.011    +0.036      +1.000   -0.062    +0.036    -0.000      -0.259  +0.040  +0.037  -0.020  -0.015  -0.024  -0.013  -0.009\n",
      "--- DataSetInfo              :                 jet_4_pt:    -0.027     -0.023     +0.082                   -0.027             -0.024   +0.182    -0.004    +0.016      -0.155   +0.170    -0.034    -0.055      -0.099   +0.253    +0.032    -0.027      -0.062   +1.000    -0.017    -0.016      +0.190  +0.129  +0.238  -0.025  +0.055  +0.061  +0.139  +0.173\n",
      "--- DataSetInfo              :                jet_4_eta:    +0.005     +0.212     +0.019                   -0.060             +0.018   -0.028    +0.236    -0.021      -0.021   +0.016    +0.207    +0.012      -0.036   -0.009    +0.160    -0.011      +0.036   -0.017    +1.000    -0.000      +0.011  -0.013  -0.015  -0.028  -0.044  -0.015  -0.045  -0.050\n",
      "--- DataSetInfo              :                jet_4_phi:    -0.037     -0.002     +0.004                   -0.007             +0.013   -0.013    -0.024    -0.130      +0.036   +0.038    -0.017    -0.068      +0.017   -0.006    +0.007    -0.120      -0.000   -0.016    -0.000    +1.000      -0.060  -0.006  -0.007  +0.014  +0.015  -0.002  +0.008  +0.002\n",
      "--- DataSetInfo              :              jet_4_b_tag:    -0.046     -0.032     +0.033                   -0.014             +0.010   +0.012    +0.015    -0.026      -0.214   +0.023    +0.004    +0.030      -0.223   -0.023    -0.026    -0.023      -0.259   +0.190    +0.011    -0.060      +1.000  +0.141  +0.081  +0.057  -0.077  -0.166  -0.024  -0.004\n",
      "--- DataSetInfo              :                     m_jj:    +0.002     +0.017     +0.065                   -0.006             +0.002   +0.195    +0.009    -0.028      -0.139   +0.217    +0.083    -0.019      -0.022   +0.145    +0.005    -0.006      +0.040   +0.129    -0.013    -0.006      +0.141  +1.000  +0.674  +0.041  +0.122  +0.031  +0.385  +0.441\n",
      "--- DataSetInfo              :                    m_jjj:    -0.011     +0.018     +0.070                   +0.011             +0.020   +0.296    +0.034    +0.010      -0.079   +0.312    +0.014    -0.020      +0.061   +0.253    -0.010    -0.010      +0.037   +0.238    -0.015    -0.007      +0.081  +0.674  +1.000  -0.006  +0.111  +0.228  +0.597  +0.594\n",
      "--- DataSetInfo              :                     m_lv:    +0.293     +0.045     -0.009                   +0.230             +0.042   -0.074    +0.056    -0.046      +0.032   -0.105    +0.043    -0.041      -0.015   -0.029    +0.062    +0.018      -0.020   -0.025    -0.028    +0.014      +0.057  +0.041  -0.006  +1.000  +0.105  -0.064  +0.001  +0.031\n",
      "--- DataSetInfo              :                    m_jlv:    +0.144     -0.049     +0.003                   +0.180             +0.019   +0.262    +0.021    +0.036      +0.128   +0.208    -0.039    -0.046      +0.058   +0.159    +0.037    +0.005      -0.015   +0.055    -0.044    +0.015      -0.077  +0.122  +0.111  +0.105  +1.000  +0.293  +0.563  +0.575\n",
      "--- DataSetInfo              :                     m_bb:    -0.004     +0.011     +0.006                   -0.061             +0.042   +0.242    +0.019    +0.010      +0.207   +0.320    +0.018    +0.009      +0.145   +0.150    +0.017    -0.007      -0.024   +0.061    -0.015    -0.002      -0.166  +0.031  +0.228  -0.064  +0.293  +1.000  +0.572  +0.405\n",
      "--- DataSetInfo              :                    m_wbb:    +0.075     -0.012     +0.060                   +0.099             +0.031   +0.432    +0.013    +0.009      +0.084   +0.427    -0.017    -0.037      +0.087   +0.262    +0.003    +0.000      -0.013   +0.139    -0.045    +0.008      -0.024  +0.385  +0.597  +0.001  +0.563  +0.572  +1.000  +0.880\n",
      "--- DataSetInfo              :                   m_wwbb:    +0.060     -0.017     +0.069                   +0.203             +0.023   +0.426    +0.020    +0.018      -0.008   +0.378    -0.005    -0.041      +0.089   +0.256    -0.001    +0.017      -0.009   +0.173    -0.050    +0.002      -0.004  +0.441  +0.594  +0.031  +0.575  +0.405  +0.880  +1.000\n",
      "--- DataSetInfo              : ---------------------------------------------------------------------------------------------------------------------------------------------------------------------------------------------------------------------------------------------------------------------------------------------------------------------------------\n",
      "--- DataSetInfo              : Dataset[higgs] : Correlation matrix (Background):\n",
      "--- DataSetInfo              : ---------------------------------------------------------------------------------------------------------------------------------------------------------------------------------------------------------------------------------------------------------------------------------------------------------------------------------\n",
      "--- DataSetInfo              :                           lepton_pT lepton_eta lepton_phi missing_energy_magnitude missing_energy_phi jet_1_pt jet_1_eta jet_1_phi jet_1_b_tag jet_2_pt jet_2_eta jet_2_phi jet_2_b_tag jet_3_pt jet_3_eta jet_3_phi jet_3_b_tag jet_4_pt jet_4_eta jet_4_phi jet_4_b_tag    m_jj   m_jjj    m_lv   m_jlv    m_bb   m_wbb  m_wwbb\n",
      "--- DataSetInfo              :                lepton_pT:    +1.000     -0.003     +0.025                   -0.066             +0.032   +0.266    +0.006    -0.029      -0.056   +0.054    -0.012    +0.005      -0.012   -0.021    +0.021    -0.044      +0.005   -0.002    -0.026    -0.012      +0.047  -0.010  -0.011  +0.301  +0.206  +0.011  +0.110  +0.175\n",
      "--- DataSetInfo              :               lepton_eta:    -0.003     +1.000     -0.007                   +0.006             +0.005   -0.012    +0.272    +0.008      +0.012   +0.011    +0.216    -0.011      +0.042   -0.059    +0.140    +0.054      -0.043   +0.013    +0.120    -0.001      -0.020  -0.000  +0.007  -0.008  +0.020  +0.027  +0.015  -0.015\n",
      "--- DataSetInfo              :               lepton_phi:    +0.025     -0.007     +1.000                   -0.004             -0.025   -0.018    -0.021    -0.133      -0.005   +0.038    -0.007    -0.125      +0.029   -0.013    -0.012    -0.131      -0.020   -0.024    -0.010    -0.056      -0.003  -0.067  -0.058  +0.017  +0.080  +0.018  +0.035  +0.044\n",
      "--- DataSetInfo              : missing_energy_magnitude:    -0.066     +0.006     -0.004                   +1.000             -0.034   +0.282    -0.024    -0.005      -0.088   +0.099    -0.039    +0.003      +0.002   +0.039    -0.010    -0.044      +0.036   -0.017    -0.027    +0.018      -0.015  +0.063  +0.044  +0.206  +0.332  -0.021  +0.220  +0.341\n",
      "--- DataSetInfo              :       missing_energy_phi:    +0.032     +0.005     -0.025                   -0.034             +1.000   -0.023    +0.052    -0.108      -0.001   -0.038    -0.036    -0.065      +0.003   +0.020    +0.010    -0.103      +0.059   -0.017    +0.009    -0.035      -0.066  -0.032  -0.026  -0.038  +0.014  -0.021  -0.015  -0.022\n",
      "--- DataSetInfo              :                 jet_1_pt:    +0.266     -0.012     -0.018                   +0.282             -0.023   +1.000    -0.015    -0.011      +0.021   +0.521    -0.008    -0.019      +0.038   +0.237    -0.040    +0.006      -0.069   +0.104    -0.021    +0.056      -0.052  +0.270  +0.278  +0.067  +0.308  +0.421  +0.576  +0.553\n",
      "--- DataSetInfo              :                jet_1_eta:    +0.006     +0.272     -0.021                   -0.024             +0.052   -0.015    +1.000    +0.015      -0.006   +0.026    +0.288    -0.027      -0.009   -0.028    +0.260    +0.047      +0.017   -0.006    +0.206    -0.009      +0.001  +0.011  +0.043  -0.034  -0.019  -0.008  +0.004  +0.021\n",
      "--- DataSetInfo              :                jet_1_phi:    -0.029     +0.008     -0.133                   -0.005             -0.108   -0.011    +0.015    +1.000      +0.022   -0.006    -0.063    -0.231      +0.022   -0.056    -0.012    -0.083      +0.026   -0.097    +0.025    -0.142      -0.006  +0.012  +0.015  -0.005  -0.050  -0.008  -0.053  -0.049\n",
      "--- DataSetInfo              :              jet_1_b_tag:    -0.056     +0.012     -0.005                   -0.088             -0.001   +0.021    -0.006    +0.022      +1.000   -0.045    -0.006    -0.033      -0.197   -0.065    -0.012    +0.053      -0.288   -0.134    +0.008    -0.010      -0.244  -0.095  -0.026  +0.006  +0.117  +0.299  +0.142  +0.023\n",
      "--- DataSetInfo              :                 jet_2_pt:    +0.054     +0.011     +0.038                   +0.099             -0.038   +0.521    +0.026    -0.006      -0.045   +1.000    -0.007    -0.063      +0.185   +0.290    -0.026    +0.037      -0.106   +0.188    +0.005    -0.019      -0.056  +0.231  +0.253  +0.042  +0.234  +0.522  +0.530  +0.469\n",
      "--- DataSetInfo              :                jet_2_eta:    -0.012     +0.216     -0.007                   -0.039             -0.036   -0.008    +0.288    -0.063      -0.006   -0.007    +1.000    +0.044      -0.007   -0.026    +0.227    +0.067      -0.015   -0.017    +0.140    +0.017      +0.015  +0.013  +0.018  +0.012  -0.010  -0.009  -0.012  +0.007\n",
      "--- DataSetInfo              :                jet_2_phi:    +0.005     -0.011     -0.125                   +0.003             -0.065   -0.019    -0.027    -0.231      -0.033   -0.063    +0.044    +1.000      -0.053   +0.004    -0.038    -0.135      +0.060   +0.065    -0.038    -0.037      +0.021  +0.015  +0.005  -0.008  +0.016  -0.045  -0.015  -0.013\n",
      "--- DataSetInfo              :              jet_2_b_tag:    -0.012     +0.042     +0.029                   +0.002             +0.003   +0.038    -0.009    +0.022      -0.197   +0.185    -0.007    -0.053      +1.000   -0.066    +0.006    +0.009      -0.264   -0.103    -0.019    -0.055      -0.321  -0.067  -0.057  +0.003  +0.075  +0.223  +0.068  +0.049\n",
      "--- DataSetInfo              :                 jet_3_pt:    -0.021     -0.059     -0.013                   +0.039             +0.020   +0.237    -0.028    -0.056      -0.065   +0.290    -0.026    +0.004      -0.066   +1.000    -0.022    -0.007      +0.125   +0.274    -0.045    +0.019      -0.077  +0.176  +0.223  +0.007  +0.163  +0.290  +0.322  +0.298\n",
      "--- DataSetInfo              :                jet_3_eta:    +0.021     +0.140     -0.012                   -0.010             +0.010   -0.040    +0.260    -0.012      -0.012   -0.026    +0.227    -0.038      +0.006   -0.022    +1.000    +0.030      -0.030   +0.013    +0.140    +0.018      +0.033  -0.048  -0.031  +0.050  +0.020  -0.013  -0.008  +0.016\n",
      "--- DataSetInfo              :                jet_3_phi:    -0.044     +0.054     -0.131                   -0.044             -0.103   +0.006    +0.047    -0.083      +0.053   +0.037    +0.067    -0.135      +0.009   -0.007    +0.030    +1.000      -0.040   +0.013    +0.047    -0.096      -0.022  +0.009  -0.022  +0.004  -0.004  +0.024  +0.003  +0.012\n",
      "--- DataSetInfo              :              jet_3_b_tag:    +0.005     -0.043     -0.020                   +0.036             +0.059   -0.069    +0.017    +0.026      -0.288   -0.106    -0.015    +0.060      -0.264   +0.125    -0.030    -0.040      +1.000   -0.060    +0.020    -0.016      -0.248  +0.050  +0.047  -0.007  -0.050  -0.134  -0.073  -0.025\n",
      "--- DataSetInfo              :                 jet_4_pt:    -0.002     +0.013     -0.024                   -0.017             -0.017   +0.104    -0.006    -0.097      -0.134   +0.188    -0.017    +0.065      -0.103   +0.274    +0.013    +0.013      -0.060   +1.000    -0.029    +0.070      +0.218  +0.097  +0.147  -0.040  +0.058  +0.214  +0.203  +0.198\n",
      "--- DataSetInfo              :                jet_4_eta:    -0.026     +0.120     -0.010                   -0.027             +0.009   -0.021    +0.206    +0.025      +0.008   +0.005    +0.140    -0.038      -0.019   -0.045    +0.140    +0.047      +0.020   -0.029    +1.000    +0.046      +0.002  +0.011  -0.003  -0.038  -0.019  -0.019  -0.016  -0.010\n",
      "--- DataSetInfo              :                jet_4_phi:    -0.012     -0.001     -0.056                   +0.018             -0.035   +0.056    -0.009    -0.142      -0.010   -0.019    +0.017    -0.037      -0.055   +0.019    +0.018    -0.096      -0.016   +0.070    +0.046    +1.000      -0.012  +0.015  +0.013  -0.034  -0.022  +0.002  +0.020  +0.022\n",
      "--- DataSetInfo              :              jet_4_b_tag:    +0.047     -0.020     -0.003                   -0.015             -0.066   -0.052    +0.001    -0.006      -0.244   -0.056    +0.015    +0.021      -0.321   -0.077    +0.033    -0.022      -0.248   +0.218    +0.002    -0.012      +1.000  +0.126  +0.068  +0.036  -0.087  -0.227  -0.061  +0.001\n",
      "--- DataSetInfo              :                     m_jj:    -0.010     -0.000     -0.067                   +0.063             -0.032   +0.270    +0.011    +0.012      -0.095   +0.231    +0.013    +0.015      -0.067   +0.176    -0.048    +0.009      +0.050   +0.097    +0.011    +0.015      +0.126  +1.000  +0.847  +0.003  +0.059  +0.013  +0.455  +0.419\n",
      "--- DataSetInfo              :                    m_jjj:    -0.011     +0.007     -0.058                   +0.044             -0.026   +0.278    +0.043    +0.015      -0.026   +0.253    +0.018    +0.005      -0.057   +0.223    -0.031    -0.022      +0.047   +0.147    -0.003    +0.013      +0.068  +0.847  +1.000  -0.041  +0.100  +0.105  +0.553  +0.506\n",
      "--- DataSetInfo              :                     m_lv:    +0.301     -0.008     +0.017                   +0.206             -0.038   +0.067    -0.034    -0.005      +0.006   +0.042    +0.012    -0.008      +0.003   +0.007    +0.050    +0.004      -0.007   -0.040    -0.038    -0.034      +0.036  +0.003  -0.041  +1.000  +0.225  +0.044  +0.125  +0.093\n",
      "--- DataSetInfo              :                    m_jlv:    +0.206     +0.020     +0.080                   +0.332             +0.014   +0.308    -0.019    -0.050      +0.117   +0.234    -0.010    +0.016      +0.075   +0.163    +0.020    -0.004      -0.050   +0.058    -0.019    -0.022      -0.087  +0.059  +0.100  +0.225  +1.000  +0.250  +0.567  +0.548\n",
